{
    "camera_angle_x": 0.9073877334594727,
    "frames": [
        {
            "file_path": "C:/Users/G/GitHub/shapenet_renderer\\pose",
            "rotation": 0.001096622711232151,
            "transform_matrix": [
                [
                    0.6601945161819458,
                    -0.31371670961380005,
                    -0.6824405193328857,
                    -0.8189286589622498
                ],
                [
                    -4.254287588878469e-09,
                    0.9085944890975952,
                    -0.4176793098449707,
                    -0.5012152194976807
                ],
                [
                    0.7510946989059448,
                    0.2757495939731598,
                    0.5998491048812866,
                    0.7198189496994019
                ],
                [
                    0.0,
                    0.0,
                    0.0,
                    1.0
                ]
            ]
        },
        {
            "file_path": "C:/Users/G/GitHub/shapenet_renderer\\pose",
            "rotation": 0.001096622711232151,
            "transform_matrix": [
                [
                    0.22647877037525177,
                    -0.7772234678268433,
                    -0.5870528221130371,
                    -0.7044639587402344
                ],
                [
                    -7.761475906420401e-09,
                    0.6027137041091919,
                    -0.7979575395584106,
                    -0.9575486183166504
                ],
                [
                    0.9740161299705505,
                    0.18072043359279633,
                    0.13650184869766235,
                    0.16380251944065094
                ],
                [
                    0.0,
                    0.0,
                    0.0,
                    1.0
                ]
            ]
        },
        {
            "file_path": "C:/Users/G/GitHub/shapenet_renderer\\pose",
            "rotation": 0.001096622711232151,
            "transform_matrix": [
                [
                    0.7588173151016235,
                    0.3149225115776062,
                    -0.5701053142547607,
                    -0.6841263771057129
                ],
                [
                    -4.48841763756036e-09,
                    0.8753297328948975,
                    0.4835264980792999,
                    0.5802318453788757
                ],
                [
                    0.6513035297393799,
                    -0.3669082820415497,
                    0.6642153859138489,
                    0.7970585227012634
                ],
                [
                    0.0,
                    0.0,
                    0.0,
                    1.0
                ]
            ]
        },
        {
            "file_path": "C:/Users/G/GitHub/shapenet_renderer\\pose",
            "rotation": 0.001096622711232151,
            "transform_matrix": [
                [
                    -0.9234182238578796,
                    0.282335489988327,
                    0.2599719166755676,
                    0.3119662404060364
                ],
                [
                    -9.330576311583627e-09,
                    0.6773715019226074,
                    -0.7356411218643188,
                    -0.8827692270278931
                ],
                [
                    -0.3837951123714447,
                    -0.6793044209480286,
                    -0.6254972219467163,
                    -0.7505966424942017
                ],
                [
                    0.0,
                    0.0,
                    0.0,
                    1.0
                ]
            ]
        },
        {
            "file_path": "C:/Users/G/GitHub/shapenet_renderer\\pose",
            "rotation": 0.001096622711232151,
            "transform_matrix": [
                [
                    -0.9744972586631775,
                    -0.14180998504161835,
                    0.17391088604927063,
                    0.20869307219982147
                ],
                [
                    -3.6221170507388933e-09,
                    0.7750061750411987,
                    0.6319536566734314,
                    0.758344292640686
                ],
                [
                    -0.22439934313297272,
                    0.6158370971679688,
                    -0.7552414536476135,
                    -0.9062896370887756
                ],
                [
                    0.0,
                    0.0,
                    0.0,
                    1.0
                ]
            ]
        },
        {
            "file_path": "C:/Users/G/GitHub/shapenet_renderer\\pose",
            "rotation": 0.001096622711232151,
            "transform_matrix": [
                [
                    -0.8098557591438293,
                    -0.44942423701286316,
                    0.37702980637550354,
                    0.4524358808994293
                ],
                [
                    -1.408747785092146e-08,
                    0.6427056789398193,
                    0.7661131620407104,
                    0.9193359613418579
                ],
                [
                    -0.5866290330886841,
                    0.620441198348999,
                    -0.5204989314079285,
                    -0.624598503112793
                ],
                [
                    0.0,
                    0.0,
                    0.0,
                    1.0
                ]
            ]
        },
        {
            "file_path": "C:/Users/G/GitHub/shapenet_renderer\\pose",
            "rotation": 0.001096622711232151,
            "transform_matrix": [
                [
                    0.17712810635566711,
                    -0.26428306102752686,
                    0.9480401277542114,
                    1.1376482248306274
                ],
                [
                    2.723241010471611e-08,
                    0.9632715582847595,
                    0.26852911710739136,
                    0.32223445177078247
                ],
                [
                    -0.9841877818107605,
                    -0.04756402596831322,
                    0.17062246799468994,
                    0.2047470360994339
                ],
                [
                    0.0,
                    0.0,
                    0.0,
                    1.0
                ]
            ]
        },
        {
            "file_path": "C:/Users/G/GitHub/shapenet_renderer\\pose",
            "rotation": 0.001096622711232151,
            "transform_matrix": [
                [
                    -0.597440779209137,
                    -0.18758538365364075,
                    0.779664158821106,
                    0.9355970025062561
                ],
                [
                    -1.3747349925097296e-09,
                    0.972255289554596,
                    0.2339223474264145,
                    0.28070685267448425
                ],
                [
                    -0.8019130229949951,
                    0.1397547572851181,
                    -0.5808649659156799,
                    -0.6970376968383789
                ],
                [
                    0.0,
                    0.0,
                    0.0,
                    1.0
                ]
            ]
        },
        {
            "file_path": "C:/Users/G/GitHub/shapenet_renderer\\pose",
            "rotation": 0.001096622711232151,
            "transform_matrix": [
                [
                    -0.677472710609436,
                    -0.3038059175014496,
                    0.6698750853538513,
                    0.8038500547409058
                ],
                [
                    -2.4763018302564888e-08,
                    0.9107157588005066,
                    0.41303351521492004,
                    0.4956401586532593
                ],
                [
                    -0.7355479001998901,
                    0.27981889247894287,
                    -0.6169851422309875,
                    -0.7403821349143982
                ],
                [
                    0.0,
                    0.0,
                    0.0,
                    1.0
                ]
            ]
        },
        {
            "file_path": "C:/Users/G/GitHub/shapenet_renderer\\pose",
            "rotation": 0.001096622711232151,
            "transform_matrix": [
                [
                    -0.20305822789669037,
                    -0.35938286781311035,
                    0.910830020904541,
                    1.0929961204528809
                ],
                [
                    -3.873917631125323e-09,
                    0.9302093982696533,
                    0.3670293092727661,
                    0.4404352307319641
                ],
                [
                    -0.9791666865348816,
                    0.07452832162380219,
                    -0.18888667225837708,
                    -0.2266640067100525
                ],
                [
                    0.0,
                    0.0,
                    0.0,
                    1.0
                ]
            ]
        },
        {
            "file_path": "C:/Users/G/GitHub/shapenet_renderer\\pose",
            "rotation": 0.001096622711232151,
            "transform_matrix": [
                [
                    -0.9228627681732178,
                    -0.011007454246282578,
                    -0.38497158885002136,
                    -0.4619660973548889
                ],
                [
                    -6.44894360135595e-10,
                    0.9995914697647095,
                    -0.02858121693134308,
                    -0.03429747000336647
                ],
                [
                    0.385128915309906,
                    -0.026376541703939438,
                    -0.9224857687950134,
                    -1.106982946395874
                ],
                [
                    0.0,
                    0.0,
                    0.0,
                    1.0
                ]
            ]
        },
        {
            "file_path": "C:/Users/G/GitHub/shapenet_renderer\\pose",
            "rotation": 0.001096622711232151,
            "transform_matrix": [
                [
                    -0.5803613066673279,
                    -0.5210875272750854,
                    -0.6258181929588318,
                    -0.7509819269180298
                ],
                [
                    -3.475838994404512e-08,
                    0.7684794068336487,
                    -0.6398743987083435,
                    -0.7678492069244385
                ],
                [
                    0.8143591284751892,
                    -0.37135830521583557,
                    -0.4459957182407379,
                    -0.5351948142051697
                ],
                [
                    0.0,
                    0.0,
                    0.0,
                    1.0
                ]
            ]
        },
        {
            "file_path": "C:/Users/G/GitHub/shapenet_renderer\\pose",
            "rotation": 0.001096622711232151,
            "transform_matrix": [
                [
                    -0.9832748174667358,
                    -0.007369098253548145,
                    -0.18197885155677795,
                    -0.21837475895881653
                ],
                [
                    -1.053526016425721e-10,
                    0.9991810321807861,
                    -0.04046109691262245,
                    -0.04855331778526306
                ],
                [
                    0.18212798237800598,
                    -0.039784375578165054,
                    -0.9824696183204651,
                    -1.178963541984558
                ],
                [
                    0.0,
                    0.0,
                    0.0,
                    1.0
                ]
            ]
        },
        {
            "file_path": "C:/Users/G/GitHub/shapenet_renderer\\pose",
            "rotation": 0.001096622711232151,
            "transform_matrix": [
                [
                    0.4357813596725464,
                    -0.3674018681049347,
                    0.821651041507721,
                    0.9859813451766968
                ],
                [
                    3.008770832479968e-08,
                    0.9128923416137695,
                    0.4082004427909851,
                    0.4898403584957123
                ],
                [
                    -0.900052547454834,
                    -0.17788612842559814,
                    0.39782148599624634,
                    0.47738590836524963
                ],
                [
                    0.0,
                    0.0,
                    0.0,
                    1.0
                ]
            ]
        },
        {
            "file_path": "C:/Users/G/GitHub/shapenet_renderer\\pose",
            "rotation": 0.001096622711232151,
            "transform_matrix": [
                [
                    0.8653871417045593,
                    0.23821131885051727,
                    0.44086334109306335,
                    0.5290359854698181
                ],
                [
                    -1.4027930816951084e-08,
                    0.8797842860221863,
                    -0.4753730893135071,
                    -0.5704477429389954
                ],
                [
                    -0.5011038780212402,
                    0.4113817512989044,
                    0.7613540291786194,
                    0.9136248826980591
                ],
                [
                    0.0,
                    0.0,
                    0.0,
                    1.0
                ]
            ]
        },
        {
            "file_path": "C:/Users/G/GitHub/shapenet_renderer\\pose",
            "rotation": 0.001096622711232151,
            "transform_matrix": [
                [
                    0.9936438798904419,
                    0.09083306789398193,
                    -0.06649240851402283,
                    -0.0797908753156662
                ],
                [
                    1.9611194890245542e-09,
                    0.590678870677948,
                    0.8069067001342773,
                    0.9682878851890564
                ],
                [
                    0.11256947368383408,
                    -0.8017778992652893,
                    0.5869244337081909,
                    0.704309344291687
                ],
                [
                    0.0,
                    0.0,
                    0.0,
                    1.0
                ]
            ]
        },
        {
            "file_path": "C:/Users/G/GitHub/shapenet_renderer\\pose",
            "rotation": 0.001096622711232151,
            "transform_matrix": [
                [
                    -0.936032235622406,
                    -0.06511606276035309,
                    -0.3458375036716461,
                    -0.4150049388408661
                ],
                [
                    5.284687798479126e-09,
                    0.9827320575714111,
                    -0.1850338578224182,
                    -0.22204062342643738
                ],
                [
                    0.35191434621810913,
                    -0.1731976568698883,
                    -0.9198688864707947,
                    -1.1038426160812378
                ],
                [
                    0.0,
                    0.0,
                    0.0,
                    1.0
                ]
            ]
        },
        {
            "file_path": "C:/Users/G/GitHub/shapenet_renderer\\pose",
            "rotation": 0.001096622711232151,
            "transform_matrix": [
                [
                    -0.83306485414505,
                    0.2784697115421295,
                    -0.4779723584651947,
                    -0.5735667943954468
                ],
                [
                    -2.7657689471993763e-08,
                    0.8640521168708801,
                    0.5034022927284241,
                    0.6040827035903931
                ],
                [
                    0.5531753301620483,
                    0.4193667769432068,
                    -0.7198114395141602,
                    -0.8637738823890686
                ],
                [
                    0.0,
                    0.0,
                    0.0,
                    1.0
                ]
            ]
        },
        {
            "file_path": "C:/Users/G/GitHub/shapenet_renderer\\pose",
            "rotation": 0.001096622711232151,
            "transform_matrix": [
                [
                    0.13439440727233887,
                    -0.93809974193573,
                    -0.31922876834869385,
                    -0.3830747902393341
                ],
                [
                    -6.701075250248323e-08,
                    0.3221513628959656,
                    -0.946688175201416,
                    -1.1360256671905518
                ],
                [
                    0.9909279346466064,
                    0.12722961604595184,
                    0.043295275419950485,
                    0.051954444497823715
                ],
                [
                    0.0,
                    0.0,
                    0.0,
                    1.0
                ]
            ]
        },
        {
            "file_path": "C:/Users/G/GitHub/shapenet_renderer\\pose",
            "rotation": 0.001096622711232151,
            "transform_matrix": [
                [
                    -0.37388408184051514,
                    0.052078939974308014,
                    -0.9260120987892151,
                    -1.1112143993377686
                ],
                [
                    -6.881792025126288e-09,
                    0.9984222650527954,
                    0.05615128576755524,
                    0.06738155335187912
                ],
                [
                    0.9274754524230957,
                    0.02099408023059368,
                    -0.3732941448688507,
                    -0.4479530453681946
                ],
                [
                    0.0,
                    0.0,
                    0.0,
                    1.0
                ]
            ]
        },
        {
            "file_path": "C:/Users/G/GitHub/shapenet_renderer\\pose",
            "rotation": 0.001096622711232151,
            "transform_matrix": [
                [
                    0.14308224618434906,
                    -0.18271155655384064,
                    -0.9726992845535278,
                    -1.1672391891479492
                ],
                [
                    1.908186675336765e-08,
                    0.982811689376831,
                    -0.18461105227470398,
                    -0.22153326869010925
                ],
                [
                    0.9897107481956482,
                    0.026414548978209496,
                    0.14062292873859406,
                    0.16874732077121735
                ],
                [
                    0.0,
                    0.0,
                    0.0,
                    1.0
                ]
            ]
        },
        {
            "file_path": "C:/Users/G/GitHub/shapenet_renderer\\pose",
            "rotation": 0.001096622711232151,
            "transform_matrix": [
                [
                    -0.9553059935569763,
                    -0.13484907150268555,
                    0.26307061314582825,
                    0.31568485498428345
                ],
                [
                    -8.643519677775657e-09,
                    0.889898419380188,
                    0.4561587870121002,
                    0.5473906397819519
                ],
                [
                    -0.2956187129020691,
                    0.43577122688293457,
                    -0.8501253128051758,
                    -1.0201503038406372
                ],
                [
                    0.0,
                    0.0,
                    0.0,
                    1.0
                ]
            ]
        },
        {
            "file_path": "C:/Users/G/GitHub/shapenet_renderer\\pose",
            "rotation": 0.001096622711232151,
            "transform_matrix": [
                [
                    0.4896608293056488,
                    0.3683047890663147,
                    0.7903061509132385,
                    0.9483674764633179
                ],
                [
                    -2.5662050262553748e-08,
                    0.9064048528671265,
                    -0.4224100112915039,
                    -0.5068920850753784
                ],
                [
                    -0.8719130158424377,
                    0.20683762431144714,
                    0.4438309669494629,
                    0.5325970649719238
                ],
                [
                    0.0,
                    0.0,
                    0.0,
                    1.0
                ]
            ]
        },
        {
            "file_path": "C:/Users/G/GitHub/shapenet_renderer\\pose",
            "rotation": 0.001096622711232151,
            "transform_matrix": [
                [
                    0.9432530999183655,
                    -0.10225867480039597,
                    0.315937876701355,
                    0.3791254162788391
                ],
                [
                    -1.383438696933581e-09,
                    0.9514061808586121,
                    0.307938814163208,
                    0.36952662467956543
                ],
                [
                    -0.33207467198371887,
                    -0.29046425223350525,
                    0.8974168300628662,
                    1.0769001245498657
                ],
                [
                    0.0,
                    0.0,
                    0.0,
                    1.0
                ]
            ]
        },
        {
            "file_path": "C:/Users/G/GitHub/shapenet_renderer\\pose",
            "rotation": 0.001096622711232151,
            "transform_matrix": [
                [
                    -0.22729292511940002,
                    -0.7451954483985901,
                    0.6269143223762512,
                    0.7522971034049988
                ],
                [
                    7.737891394299368e-08,
                    0.6437639594078064,
                    0.7652240991592407,
                    0.9182690978050232
                ],
                [
                    -0.9738263487815857,
                    0.1739300936460495,
                    -0.14632293581962585,
                    -0.17558762431144714
                ],
                [
                    0.0,
                    0.0,
                    0.0,
                    1.0
                ]
            ]
        },
        {
            "file_path": "C:/Users/G/GitHub/shapenet_renderer\\pose",
            "rotation": 0.001096622711232151,
            "transform_matrix": [
                [
                    -0.15454724431037903,
                    0.4688277542591095,
                    0.8696640729904175,
                    1.0435969829559326
                ],
                [
                    4.958172539204497e-08,
                    0.8802397847175598,
                    -0.47452905774116516,
                    -0.5694348812103271
                ],
                [
                    -0.987985372543335,
                    -0.07333710789680481,
                    -0.1360386610031128,
                    -0.16324631869792938
                ],
                [
                    0.0,
                    0.0,
                    0.0,
                    1.0
                ]
            ]
        },
        {
            "file_path": "C:/Users/G/GitHub/shapenet_renderer\\pose",
            "rotation": 0.001096622711232151,
            "transform_matrix": [
                [
                    0.8885462284088135,
                    0.36881008744239807,
                    0.272882342338562,
                    0.32745882868766785
                ],
                [
                    -3.378519863872498e-08,
                    0.5947907567024231,
                    -0.8038805723190308,
                    -0.9646564722061157
                ],
                [
                    -0.45878714323043823,
                    0.7142850160598755,
                    0.5284990668296814,
                    0.6341989636421204
                ],
                [
                    0.0,
                    0.0,
                    0.0,
                    1.0
                ]
            ]
        },
        {
            "file_path": "C:/Users/G/GitHub/shapenet_renderer\\pose",
            "rotation": 0.001096622711232151,
            "transform_matrix": [
                [
                    0.9781726002693176,
                    -0.15326432883739471,
                    0.14031481742858887,
                    0.16837774217128754
                ],
                [
                    -8.474820845094655e-09,
                    0.6752603054046631,
                    0.7375794649124146,
                    0.8850952982902527
                ],
                [
                    -0.20779363811016083,
                    -0.721480131149292,
                    0.6605212092399597,
                    0.7926254272460938
                ],
                [
                    0.0,
                    0.0,
                    0.0,
                    1.0
                ]
            ]
        },
        {
            "file_path": "C:/Users/G/GitHub/shapenet_renderer\\pose",
            "rotation": 0.001096622711232151,
            "transform_matrix": [
                [
                    0.4639287292957306,
                    0.16938430070877075,
                    0.86952805519104,
                    1.0434335470199585
                ],
                [
                    8.861544387173126e-09,
                    0.9815499186515808,
                    -0.1912061721086502,
                    -0.2294473797082901
                ],
                [
                    -0.8858725428581238,
                    0.08870604634284973,
                    0.45536914467811584,
                    0.546442985534668
                ],
                [
                    0.0,
                    0.0,
                    0.0,
                    1.0
                ]
            ]
        },
        {
            "file_path": "C:/Users/G/GitHub/shapenet_renderer\\pose",
            "rotation": 0.001096622711232151,
            "transform_matrix": [
                [
                    -0.8912110924720764,
                    0.05185613036155701,
                    0.45061489939689636,
                    0.5407378673553467
                ],
                [
                    2.290970524398972e-09,
                    0.9934434294700623,
                    -0.11432409286499023,
                    -0.13718891143798828
                ],
                [
                    -0.4535888433456421,
                    -0.10188689082860947,
                    -0.8853678703308105,
                    -1.0624414682388306
                ],
                [
                    0.0,
                    0.0,
                    0.0,
                    1.0
                ]
            ]
        },
        {
            "file_path": "C:/Users/G/GitHub/shapenet_renderer\\pose",
            "rotation": 0.001096622711232151,
            "transform_matrix": [
                [
                    -0.9757492542266846,
                    -0.14602923393249512,
                    -0.16306082904338837,
                    -0.19567298889160156
                ],
                [
                    -8.39030356303283e-09,
                    0.7449400424957275,
                    -0.6671314239501953,
                    -0.8005577325820923
                ],
                [
                    0.2188912332057953,
                    -0.6509529948234558,
                    -0.7268747091293335,
                    -0.8722495436668396
                ],
                [
                    0.0,
                    0.0,
                    0.0,
                    1.0
                ]
            ]
        },
        {
            "file_path": "C:/Users/G/GitHub/shapenet_renderer\\pose",
            "rotation": 0.001096622711232151,
            "transform_matrix": [
                [
                    0.9663656949996948,
                    0.19147534668445587,
                    -0.17168109118938446,
                    -0.20601728558540344
                ],
                [
                    1.2970722274019408e-08,
                    0.6675741672515869,
                    0.7445433139801025,
                    0.893451988697052
                ],
                [
                    0.25717151165008545,
                    -0.7195011973381042,
                    0.6451207995414734,
                    0.7741450071334839
                ],
                [
                    0.0,
                    0.0,
                    0.0,
                    1.0
                ]
            ]
        },
        {
            "file_path": "C:/Users/G/GitHub/shapenet_renderer\\pose",
            "rotation": 0.001096622711232151,
            "transform_matrix": [
                [
                    -0.10363466292619705,
                    -0.4533875286579132,
                    -0.8852680325508118,
                    -1.062321424484253
                ],
                [
                    2.9142558588546308e-08,
                    0.8900607228279114,
                    -0.4558420181274414,
                    -0.5470110774040222
                ],
                [
                    0.994615375995636,
                    -0.04724106565117836,
                    -0.09224113076925278,
                    -0.11068925261497498
                ],
                [
                    0.0,
                    0.0,
                    0.0,
                    1.0
                ]
            ]
        },
        {
            "file_path": "C:/Users/G/GitHub/shapenet_renderer\\pose",
            "rotation": 0.001096622711232151,
            "transform_matrix": [
                [
                    -0.8860018253326416,
                    -0.38295304775238037,
                    -0.2614339590072632,
                    -0.3137207627296448
                ],
                [
                    -4.754242866056302e-08,
                    0.5638219714164734,
                    -0.8258963227272034,
                    -0.9910757541656494
                ],
                [
                    0.46368175745010376,
                    -0.7317455410957336,
                    -0.49954739212989807,
                    -0.5994566679000854
                ],
                [
                    0.0,
                    0.0,
                    0.0,
                    1.0
                ]
            ]
        },
        {
            "file_path": "C:/Users/G/GitHub/shapenet_renderer\\pose",
            "rotation": 0.001096622711232151,
            "transform_matrix": [
                [
                    -0.7785520553588867,
                    0.5921346545219421,
                    -0.2079256922006607,
                    -0.24951085448265076
                ],
                [
                    -1.6417656123479674e-09,
                    0.33131343126296997,
                    0.943520724773407,
                    1.1322249174118042
                ],
                [
                    0.627579927444458,
                    0.7345799803733826,
                    -0.257944792509079,
                    -0.3095337748527527
                ],
                [
                    0.0,
                    0.0,
                    0.0,
                    1.0
                ]
            ]
        },
        {
            "file_path": "C:/Users/G/GitHub/shapenet_renderer\\pose",
            "rotation": 0.001096622711232151,
            "transform_matrix": [
                [
                    -0.006252053193747997,
                    -0.25346580147743225,
                    -0.9673241376876831,
                    -1.1607871055603027
                ],
                [
                    -9.575225057290027e-09,
                    0.9673430323600769,
                    -0.253470778465271,
                    -0.3041713237762451
                ],
                [
                    0.9999804496765137,
                    -0.0015847034519538283,
                    -0.006047882605344057,
                    -0.007257174700498581
                ],
                [
                    0.0,
                    0.0,
                    0.0,
                    1.0
                ]
            ]
        },
        {
            "file_path": "C:/Users/G/GitHub/shapenet_renderer\\pose",
            "rotation": 0.001096622711232151,
            "transform_matrix": [
                [
                    0.8378528356552124,
                    0.11874417960643768,
                    -0.5328249931335449,
                    -0.6393899917602539
                ],
                [
                    -1.2704839402744028e-09,
                    0.9760555028915405,
                    0.217521533370018,
                    0.2610258460044861
                ],
                [
                    0.5458961725234985,
                    -0.18225102126598358,
                    0.8177908658981323,
                    0.9813490509986877
                ],
                [
                    0.0,
                    0.0,
                    0.0,
                    1.0
                ]
            ]
        },
        {
            "file_path": "C:/Users/G/GitHub/shapenet_renderer\\pose",
            "rotation": 0.001096622711232151,
            "transform_matrix": [
                [
                    0.5139826536178589,
                    -0.10876414179801941,
                    -0.8508772850036621,
                    -1.0210527181625366
                ],
                [
                    6.47216413796059e-09,
                    0.9919290542602539,
                    -0.12679420411586761,
                    -0.15215297043323517
                ],
                [
                    0.8578006029129028,
                    0.06517001241445541,
                    0.5098342895507812,
                    0.6118012070655823
                ],
                [
                    0.0,
                    0.0,
                    0.0,
                    1.0
                ]
            ]
        },
        {
            "file_path": "C:/Users/G/GitHub/shapenet_renderer\\pose",
            "rotation": 0.001096622711232151,
            "transform_matrix": [
                [
                    -0.3807286322116852,
                    0.3253721594810486,
                    -0.8655510544776917,
                    -1.0386613607406616
                ],
                [
                    -5.181632900530531e-09,
                    0.9360477924346924,
                    0.35187283158302307,
                    0.42224743962287903
                ],
                [
                    0.9246867895126343,
                    0.1339680701494217,
                    -0.3563801944255829,
                    -0.4276563227176666
                ],
                [
                    0.0,
                    0.0,
                    0.0,
                    1.0
                ]
            ]
        },
        {
            "file_path": "C:/Users/G/GitHub/shapenet_renderer\\pose",
            "rotation": 0.001096622711232151,
            "transform_matrix": [
                [
                    -0.2482798844575882,
                    -0.10508133471012115,
                    0.9629719853401184,
                    1.1555663347244263
                ],
                [
                    5.007639192200486e-09,
                    0.9940988421440125,
                    0.10847795754671097,
                    0.13017356395721436
                ],
                [
                    -0.9686883687973022,
                    0.02693289890885353,
                    -0.24681474268436432,
                    -0.2961776852607727
                ],
                [
                    0.0,
                    0.0,
                    0.0,
                    1.0
                ]
            ]
        },
        {
            "file_path": "C:/Users/G/GitHub/shapenet_renderer\\pose",
            "rotation": 0.001096622711232151,
            "transform_matrix": [
                [
                    -0.3248094320297241,
                    -0.7556235790252686,
                    -0.5687986016273499,
                    -0.6825582385063171
                ],
                [
                    -3.8224015952437185e-08,
                    0.6014072299003601,
                    -0.7989426255226135,
                    -0.9587311744689941
                ],
                [
                    0.9457795023918152,
                    -0.2595040798187256,
                    -0.1953427791595459,
                    -0.23441123962402344
                ],
                [
                    0.0,
                    0.0,
                    0.0,
                    1.0
                ]
            ]
        },
        {
            "file_path": "C:/Users/G/GitHub/shapenet_renderer\\pose",
            "rotation": 0.001096622711232151,
            "transform_matrix": [
                [
                    0.6781620979309082,
                    -0.6815439462661743,
                    0.2749437093734741,
                    0.32993239164352417
                ],
                [
                    2.804536691769499e-08,
                    0.3741176724433899,
                    0.9273812174797058,
                    1.112857699394226
                ],
                [
                    -0.7349123358726501,
                    -0.6289147734642029,
                    0.2537124454975128,
                    0.30445486307144165
                ],
                [
                    0.0,
                    0.0,
                    0.0,
                    1.0
                ]
            ]
        },
        {
            "file_path": "C:/Users/G/GitHub/shapenet_renderer\\pose",
            "rotation": 0.001096622711232151,
            "transform_matrix": [
                [
                    -0.13422486186027527,
                    0.3285861909389496,
                    -0.9348875880241394,
                    -1.1218650341033936
                ],
                [
                    -2.4719080116142322e-08,
                    0.943424642086029,
                    0.3315867781639099,
                    0.3979043960571289
                ],
                [
                    0.990950882434845,
                    0.04450720548629761,
                    -0.12663103640079498,
                    -0.15195731818675995
                ],
                [
                    0.0,
                    0.0,
                    0.0,
                    1.0
                ]
            ]
        },
        {
            "file_path": "C:/Users/G/GitHub/shapenet_renderer\\pose",
            "rotation": 0.001096622711232151,
            "transform_matrix": [
                [
                    -0.9908128976821899,
                    -0.09722436964511871,
                    -0.09400661289691925,
                    -0.11280789226293564
                ],
                [
